39 max 2 0.09182008355855942
 0.08423473685979843
2 0.09182008355855942
3 0.09096478670835495
4 0.09022706001996994
5 0.09016038477420807
6 0.06163734570145607
7 0.06272021681070328
8 0.06472088396549225
9 0.06553361564874649
10 0.07151830941438675
11 0.07261405885219574
12 0.07351915538311005
13 0.07304242998361588
14 0.07239639014005661
15 0.07253433763980865
16 0.0746266096830368
17 0.07614564150571823
18 0.0755566954612732
19 0.07476729154586792
20 0.07471423596143723
21 0.07563944905996323
22 0.07791875302791595
23 0.07755342870950699
24 0.07507183402776718
25 0.03592104837298393
26 0.04647381231188774
27 0.04824628680944443
28 0.055894628167152405
29 0.061414532363414764
30 0.06195523217320442
31 0.06226816400885582
32 0.06258098781108856
33 0.06291035562753677
34 0.06414563953876495
35 0.06577075272798538
36 0.06757176667451859
37 0.0709858387708664
38 0.07280056178569794
39 0.07339415699243546
