39 min 1 0.08802498877048492
 0.08802498877048492
2 0.09480500966310501
3 0.09854459017515182
4 0.09625253826379776
5 0.0963154137134552
6 0.4589749276638031
7 0.428994745016098
8 0.38575905561447144
9 0.34644460678100586
10 0.3109583854675293
11 0.27935296297073364
12 0.2684504985809326
13 0.3064996600151062
14 0.2670837640762329
15 0.23146136105060577
16 0.22366762161254883
17 0.20291677117347717
18 0.18970540165901184
19 0.17205236852169037
20 0.16408249735832214
21 0.1637357920408249
22 0.1553163230419159
23 0.14992037415504456
24 0.14915704727172852
25 2.283052682876587
26 1.582642674446106
27 1.036097764968872
28 0.9030991196632385
29 0.746020495891571
30 0.6162765026092529
31 0.5244801044464111
32 0.46222665905952454
33 0.4168354868888855
34 0.38216277956962585
35 0.35444504022598267
36 0.3314366936683655
37 0.31149065494537354
38 0.2930540442466736
39 0.2766847014427185
